========================================
Simulation Results - Tables 8, 9, and 10
Generated on: Mon Feb 23 23:19:21 2026 
========================================

Simulation Results in Table 8
============================
                 beta0         beta1         beta2         phi         
diag(0, 0)       -2.037(0.06)  -0.34(0.158)  -0.199(0.076) 2.965(0.563)
                               [0.031]       [0.009]                   
diag(0.03, 0)    -2.039(0.061) -0.353(0.172) -0.198(0.077) 2.969(0.562)
                               [0.04]        [0.01]                    
diag(0, 0.16)    -2.036(0.06)  -0.338(0.156) -0.204(0.085) 2.965(0.57) 
                               [0.03]        [0.016]                   
diag(0.03, 0.16) -2.035(0.061) -0.33(0.163)  -0.201(0.085) 2.958(0.567)
                               [0.043]       [0.018]                   


Simulation Results in Table 9
============================
                 beta0         beta1         beta2         phi         
diag(0, 0)       -1.897(0.069) -0.392(0.181) -0.237(0.091) 2.968(0.566)
                               [0.03]        [0.009]                   
diag(0.03, 0)    -1.899(0.07)  -0.411(0.2)   -0.236(0.092) 2.973(0.564)
                               [0.04]        [0.01]                    
diag(0, 0.16)    -1.895(0.069) -0.388(0.18)  -0.244(0.103) 2.969(0.571)
                               [0.031]       [0.018]                   
diag(0.03, 0.16) -1.894(0.07)  -0.381(0.188) -0.241(0.103) 2.961(0.568)
                               [0.043]       [0.019]                   


Simulation Results in Table 10
=============================
                 beta0        beta1         beta2         phi         
diag(0, 0)       -0.711(0.03) -0.168(0.077) -0.11(0.042)  2.975(0.571)
                              [0.029]       [0.009]                   
diag(0.03, 0)    -0.712(0.03) -0.179(0.086) -0.109(0.043) 2.979(0.569)
                              [0.037]       [0.011]                   
diag(0, 0.16)    -0.71(0.03)  -0.165(0.075) -0.116(0.05)  2.976(0.576)
                              [0.028]       [0.02]                    
diag(0.03, 0.16) -0.709(0.03) -0.164(0.079) -0.114(0.05)  2.97(0.569) 
                              [0.038]       [0.023]                   


========================================
End of Tables
========================================
